V1 1 0 5
M1 1 2 2 P 10 100 	
M2 2 3 0 N 10 2 	
M3 1 4 3 P 30 3
M4 3 3 0 N 10 2
M5 1 4 4 P 30 2
M6 4 3 0 N 40 2
M7 1 5 5 P 30 10
M8 5 3 0 N 10 2 
M9 1 6 7 P 30 2
M10 7 5 6 P 30 2
M11 6 3 0 N 10 2 
M12 1 6 8 P 30 2
M13 8 5 9 P 30 2 
M14 9 9 10 N 10 2 
M15 10 14 12 N 10 2 
M16 12 10 0 N 10 2 
M17 1 6 13 P 30 2
M18 13 5 14 P 30 2
M19 14 14 0 N 10 10
M20 1 6 15 P 30 2 
M21 15 5 16 P 30 2 
M22 16 14 17 N 10 2 
M23 17 16 0 N 10 2
M24 1 18 19 P 30 2
M25 19 5 18 P 30 2 
M26 18 20 20 P 30 2 
M27 20 14 21 N 10 2
M28 21 16 0 N 10 2

 
